<!DOCTYPE HTML>
<html>
  <head>
    <meta charset="UTF-8">
    <title>Tomtom Results</title>
    <script>
      // @JSON_VAR data
      var data = {
        "program": "Tomtom",
        "version": "5.5.5",
        "release": "Thu Sep 14 08:48:04 2023 +1000",
        "cmd": [
          "tomtom", "-oc",
          "/Users/hdash/code/icl_project2/MotifPeeker_reports/CTCF_ChIP-TIP/output/MotifPeeker_20240711_230621/tomtom/3/2",
          "-thresh", "10", "-min-overlap", "5", "-dist", "ed", "-evalue",
          "/var/folders/02/8xlc9n4x3gv96_rj588v5bqh0000gn/T//RtmpETxpCX/file17d2f2e5ba1cd.meme",
          "/Users/hdash/Library/Caches/org.R-project.R/R/BiocFileCache/128c14b151a34_JASPAR2024_CORE_non-redundant_pfms_meme.txt"
        ],
        "options": {
          "strands": "both",
          "distance_measure": "ed",
          "threshold_type": "evalue",
          "threshold_value": 10,
          "background_source": "--query--"
        },
        "alphabet": {
          "name": "DNA",
          "like": "dna",
          "ncore": 4,
          "symbols": [
            {
              "symbol": "A",
              "name": "Adenine",
              "colour": "CC0000",
              "complement": "T"
            }, {
              "symbol": "C",
              "name": "Cytosine",
              "colour": "0000CC",
              "complement": "G"
            }, {
              "symbol": "G",
              "name": "Guanine",
              "colour": "FFB300",
              "complement": "C"
            }, {
              "symbol": "T",
              "aliases": "U",
              "name": "Thymine",
              "colour": "008000",
              "complement": "A"
            }, {
              "symbol": "N",
              "aliases": "X.",
              "name": "Any base",
              "equals": "ACGT"
            }, {
              "symbol": "V",
              "name": "Not T",
              "equals": "ACG"
            }, {
              "symbol": "H",
              "name": "Not G",
              "equals": "ACT"
            }, {
              "symbol": "D",
              "name": "Not C",
              "equals": "AGT"
            }, {
              "symbol": "B",
              "name": "Not A",
              "equals": "CGT"
            }, {
              "symbol": "M",
              "name": "Amino",
              "equals": "AC"
            }, {
              "symbol": "R",
              "name": "Purine",
              "equals": "AG"
            }, {
              "symbol": "W",
              "name": "Weak",
              "equals": "AT"
            }, {
              "symbol": "S",
              "name": "Strong",
              "equals": "CG"
            }, {
              "symbol": "Y",
              "name": "Pyrimidine",
              "equals": "CT"
            }, {
              "symbol": "K",
              "name": "Keto",
              "equals": "GT"
            }
          ]
        },
        "background": [0.231, 0.269, 0.269, 0.231],
        "query_dbs": [
          {
            "source": "/var/folders/02/8xlc9n4x3gv96_rj588v5bqh0000gn/T//RtmpETxpCX/file17d2f2e5ba1cd.meme",
            "name": "file17d2f2e5ba1cd",
            "loaded": 1,
            "excluded": 0,
            "last_modified": "Fri Jul 12 01:28:34 2024"
          }
        ],
        "target_dbs": [
          {
            "source": "/Users/hdash/Library/Caches/org.R-project.R/R/BiocFileCache/128c14b151a34_JASPAR2024_CORE_non-redundant_pfms_meme.txt",
            "name": "128c14b151a34_JASPAR2024_CORE_non-redundant_pfms_meme.txt",
            "loaded": 2346,
            "excluded": 0,
            "last_modified": "Tue Jun 25 11:42:28 2024"
          }
        ],
        "queries": [
          {
            "db": 0,
            "id": "m02_GGGGGCGGGGCY",
            "alt": "STREME-2",
            "len": 12,
            "nsites": 3245,
            "pwm": [
              [0.259783, 0.151314, 0.546986, 0.0419168], 
              [0.068418, 8.28942e-06, 0.792588, 0.138986], 
              [0.275192, 8.28942e-06, 0.724793, 7.11843e-06], 
              [7.11843e-06, 8.28942e-06, 0.999977, 7.11843e-06], 
              [7.11843e-06, 8.28942e-06, 0.999977, 7.11843e-06], 
              [7.11843e-06, 0.836038, 8.28942e-06, 0.163947], 
              [7.11843e-06, 8.28942e-06, 0.999977, 7.11843e-06], 
              [7.11843e-06, 8.28942e-06, 0.908455, 0.0915293], 
              [0.213868, 8.28942e-06, 0.781494, 0.00462898], 
              [0.101391, 8.28942e-06, 0.894588, 0.00401299], 
              [0.0576323, 0.848672, 8.28942e-06, 0.0936872], 
              [0.0647201, 0.399996, 0.147308, 0.387977]
            ]
          }
        ],
        "targets": [
          {
            "db": 0,
            "id": "MA0039.5",
            "alt": "KLF4",
            "len": 8,
            "nsites": 55817,
            "url": "http://jaspar.genereg.net/matrix/MA0039.5",
            "pwm": [
              [0.0441623, 0.881612, 0.0283614, 0.0458643], 
              [0.0377133, 0.857533, 0.0217504, 0.0830033], 
              [0.125786, 0.813461, 0.0254764, 0.0352764], 
              [0.0210154, 0.947291, 0.0142075, 0.0174864], 
              [0.81699, 0.00288448, 0.118208, 0.0619173], 
              [0.0152644, 0.938172, 0.0263364, 0.0202274], 
              [0.0289704, 0.915706, 0.0335024, 0.0218214], 
              [0.0215354, 0.914505, 0.0180054, 0.0459543]
            ]
          }, {
            "db": 0,
            "id": "MA0079.5",
            "alt": "SP1",
            "len": 9,
            "nsites": 1000,
            "url": "http://jaspar.genereg.net/matrix/MA0079.5",
            "pwm": [
              [0.00107799, 0.00108179, 0.950354, 0.0474864], 
              [0.00107799, 0.00108179, 0.996762, 0.00107799], 
              [0.00107799, 0.00108179, 0.996762, 0.00107799], 
              [0.00107799, 0.00108179, 0.996762, 0.00107799], 
              [0.266874, 0.730966, 0.00108179, 0.00107799], 
              [0.00107799, 0.00108179, 0.996762, 0.00107799], 
              [0.00107799, 0.0854614, 0.912383, 0.00107799], 
              [0.254217, 0.0517097, 0.659244, 0.0348296], 
              [0.161399, 0.00108179, 0.836441, 0.00107799]
            ]
          }, {
            "db": 0,
            "id": "MA0123.1",
            "alt": "abi4",
            "len": 10,
            "nsites": 49,
            "url": "http://jaspar.genereg.net/matrix/MA0123.1",
            "pwm": [
              [0.000470469, 0.998511, 0.000547861, 0.000470469], 
              [0.24487, 0.000547861, 0.754112, 0.000470469], 
              [0.000470469, 0.40788, 0.591179, 0.000470469], 
              [0.000470469, 0.46898, 0.0209143, 0.509635], 
              [0.0208369, 0.0616472, 0.917044, 0.000470469], 
              [0.000470469, 0.917044, 0.0820146, 0.000470469], 
              [0.102304, 0.570813, 0.122747, 0.204137], 
              [0.0615698, 0.509713, 0.224581, 0.204137], 
              [0.0615698, 0.631912, 0.102381, 0.204137], 
              [0.0819372, 0.530079, 0.143114, 0.24487]
            ]
          }, {
            "db": 0,
            "id": "MA0283.1",
            "alt": "CHA4",
            "len": 8,
            "nsites": 100,
            "url": "http://jaspar.genereg.net/matrix/MA0283.1",
            "pwm": [
              [0.220011, 0.0502188, 0.679589, 0.0501808], 
              [0.000230769, 0.000268731, 0.99927, 0.000230769], 
              [0.000230769, 0.99927, 0.000268731, 0.000230769], 
              [0.000230769, 0.000268731, 0.99927, 0.000230769], 
              [0.000230769, 0.000268731, 0.99927, 0.000230769], 
              [0.716686, 0.000268731, 0.282814, 0.000230769], 
              [0.220011, 0.0102587, 0.759509, 0.0102208], 
              [0.484594, 0.101178, 0.101178, 0.313049]
            ]
          }, {
            "db": 0,
            "id": "MA0323.1",
            "alt": "IXR1",
            "len": 15,
            "nsites": 161,
            "url": "http://jaspar.genereg.net/matrix/MA0323.1",
            "pwm": [
              [0.999523, 0.000166977, 0.000166977, 0.000143389], 
              [0.765491, 0.000166977, 0.000166977, 0.234175], 
              [0.326863, 0.000166977, 0.538295, 0.134675], 
              [0.106947, 0.869856, 0.000166977, 0.0230302], 
              [0.239832, 0.759858, 0.000166977, 0.000143389], 
              [0.239832, 0.000166977, 0.759858, 0.000143389], 
              [0.119727, 0.000166977, 0.721941, 0.158165], 
              [0.62996, 0.000166977, 0.369729, 0.000143389], 
              [0.765491, 0.000166977, 0.000166977, 0.234175], 
              [0.000143389, 0.000166977, 0.999546, 0.000143389], 
              [0.000143389, 0.999546, 0.000166977, 0.000143389], 
              [0.10302, 0.000166977, 0.896669, 0.000143389], 
              [0.0207496, 0.000166977, 0.97894, 0.000143389], 
              [0.000143389, 0.000166977, 0.530643, 0.469046], 
              [0.000143389, 0.000166977, 0.896669, 0.10302]
            ]
          }, {
            "db": 0,
            "id": "MA0337.2",
            "alt": "MIG1",
            "len": 6,
            "nsites": 100,
            "url": "http://jaspar.genereg.net/matrix/MA0337.2",
            "pwm": [
              [0.0102208, 0.9693, 0.0102587, 0.0102208], 
              [0.000230769, 0.99927, 0.000268731, 0.000230769], 
              [0.000230769, 0.99927, 0.000268731, 0.000230769], 
              [0.000230769, 0.99927, 0.000268731, 0.000230769], 
              [0.459771, 0.0302388, 0.499769, 0.0102208], 
              [0.0506853, 0.575452, 0.302996, 0.0708671]
            ]
          }, {
            "db": 0,
            "id": "MA0338.2",
            "alt": "MIG2",
            "len": 6,
            "nsites": 100,
            "url": "http://jaspar.genereg.net/matrix/MA0338.2",
            "pwm": [
              [0.0102208, 0.95931, 0.0202488, 0.0102208], 
              [0.000230769, 0.99927, 0.000268731, 0.000230769], 
              [0.000230769, 0.99927, 0.000268731, 0.000230769], 
              [0.000230769, 0.99927, 0.000268731, 0.000230769], 
              [0.359871, 0.110159, 0.519749, 0.0102208], 
              [0.0496863, 0.761883, 0.128853, 0.0595774]
            ]
          }, {
            "db": 0,
            "id": "MA0339.2",
            "alt": "MIG3",
            "len": 6,
            "nsites": 101,
            "url": "http://jaspar.genereg.net/matrix/MA0339.2",
            "pwm": [
              [0.0101197, 0.969603, 0.0101573, 0.0101197], 
              [0.000228487, 0.939336, 0.000266073, 0.0601691], 
              [0.000228487, 0.999277, 0.000266073, 0.000228487], 
              [0.000228487, 0.999277, 0.000266073, 0.000228487], 
              [0.41396, 0.0204481, 0.555273, 0.0103195], 
              [0.050179, 0.689584, 0.170098, 0.0901395]
            ]
          }, {
            "db": 0,
            "id": "MA0373.1",
            "alt": "RPN4",
            "len": 7,
            "nsites": 99,
            "url": "http://jaspar.genereg.net/matrix/MA0373.1",
            "pwm": [
              [0.232322, 0.000271443, 0.676357, 0.0910504], 
              [0.000233098, 0.000271443, 0.999262, 0.000233098], 
              [0.000233098, 0.000271443, 0.12015, 0.879345], 
              [0.000233098, 0.000271443, 0.999262, 0.000233098], 
              [0.000233098, 0.000271443, 0.999262, 0.000233098], 
              [0.000233098, 0.999262, 0.000271443, 0.000233098], 
              [0.130102, 0.000271443, 0.869394, 0.000233098]
            ]
          }, {
            "db": 0,
            "id": "MA0410.2",
            "alt": "UGA3",
            "len": 7,
            "nsites": 99,
            "url": "http://jaspar.genereg.net/matrix/MA0410.2",
            "pwm": [
              [0.0405963, 0.282814, 0.635993, 0.0405963], 
              [0.000233098, 0.000271443, 0.999262, 0.000233098], 
              [0.000233098, 0.999262, 0.000271443, 0.000233098], 
              [0.000233098, 0.000271443, 0.999262, 0.000233098], 
              [0.000233098, 0.000271443, 0.999262, 0.000233098], 
              [0.0202129, 0.269999, 0.689575, 0.0202129], 
              [0.857953, 0.0204531, 0.0204531, 0.101141]
            ]
          }, {
            "db": 0,
            "id": "MA0425.2",
            "alt": "YGR067C",
            "len": 6,
            "nsites": 100,
            "url": "http://jaspar.genereg.net/matrix/MA0425.2",
            "pwm": [
              [0.000230769, 0.99927, 0.000268731, 0.000230769], 
              [0.000230769, 0.98928, 0.000268731, 0.0102208], 
              [0.000230769, 0.99927, 0.000268731, 0.000230769], 
              [0.0102208, 0.98928, 0.000268731, 0.000230769], 
              [0.409821, 0.000268731, 0.309959, 0.279951], 
              [0.000230769, 0.97929, 0.0102587, 0.0102208]
            ]
          }, {
            "db": 0,
            "id": "MA0431.2",
            "alt": "TDA9",
            "len": 7,
            "nsites": 100,
            "url": "http://jaspar.genereg.net/matrix/MA0431.2",
            "pwm": [
              [0.000230769, 0.99927, 0.000268731, 0.000230769], 
              [0.000230769, 0.99927, 0.000268731, 0.000230769], 
              [0.000230769, 0.99927, 0.000268731, 0.000230769], 
              [0.000230769, 0.99927, 0.000268731, 0.000230769], 
              [0.299931, 0.000268731, 0.359909, 0.339891], 
              [0.000230769, 0.99927, 0.000268731, 0.000230769], 
              [0.43544, 0.158526, 0.0299421, 0.376093]
            ]
          }, {
            "db": 0,
            "id": "MA0441.2",
            "alt": "ZMS1",
            "len": 7,
            "nsites": 100,
            "url": "http://jaspar.genereg.net/matrix/MA0441.2",
            "pwm": [
              [0.000230769, 0.99927, 0.000268731, 0.000230769], 
              [0.000230769, 0.99927, 0.000268731, 0.000230769], 
              [0.000230769, 0.99927, 0.000268731, 0.000230769], 
              [0.000230769, 0.99927, 0.000268731, 0.000230769], 
              [0.188162, 0.0398332, 0.534388, 0.237617], 
              [0.0501808, 0.84942, 0.0502188, 0.0501808], 
              [0.499731, 0.100169, 0.100169, 0.299931]
            ]
          }, {
            "db": 0,
            "id": "MA0443.2",
            "alt": "btd",
            "len": 9,
            "nsites": 30,
            "url": "http://jaspar.genereg.net/matrix/MA0443.2",
            "pwm": [
              [0.332993, 0.000893687, 0.665346, 0.000767442], 
              [0.133657, 0.000893687, 0.5989, 0.266549], 
              [0.067213, 0.000893687, 0.931126, 0.000767442], 
              [0.000767442, 0.000893687, 0.997571, 0.000767442], 
              [0.000767442, 0.000893687, 0.997571, 0.000767442], 
              [0.067213, 0.931126, 0.000893687, 0.000767442], 
              [0.000767442, 0.000893687, 0.997571, 0.000767442], 
              [0.000767442, 0.000893687, 0.665346, 0.332993], 
              [0.499106, 0.0341159, 0.333119, 0.133657]
            ]
          }, {
            "db": 0,
            "id": "MA0450.1",
            "alt": "hkb",
            "len": 9,
            "nsites": 32,
            "url": "http://jaspar.genereg.net/matrix/MA0450.1",
            "pwm": [
              [0.0941776, 0.000838006, 0.561586, 0.343399], 
              [0.249941, 0.000838006, 0.748502, 0.000719627], 
              [0.000719627, 0.000838006, 0.997723, 0.000719627], 
              [0.000719627, 0.000838006, 0.997723, 0.000719627], 
              [0.000719627, 0.997723, 0.000838006, 0.000719627], 
              [0.000719627, 0.000838006, 0.997723, 0.000719627], 
              [0.000719627, 0.000838006, 0.0942959, 0.904146], 
              [0.000719627, 0.000838006, 0.96657, 0.0318723], 
              [0.748383, 0.0942959, 0.0631433, 0.0941776]
            ]
          }, {
            "db": 0,
            "id": "MA0456.1",
            "alt": "opa",
            "len": 12,
            "nsites": 18,
            "url": "http://jaspar.genereg.net/matrix/MA0456.1",
            "pwm": [
              [0.00127624, 0.0567352, 0.830215, 0.111773], 
              [0.553763, 0.388227, 0.0567352, 0.00127624], 
              [0.0565253, 0.885464, 0.00148619, 0.0565253], 
              [0.0565253, 0.830215, 0.0567352, 0.0565253], 
              [0.00127624, 0.885464, 0.0567352, 0.0565253], 
              [0.00127624, 0.995961, 0.00148619, 0.00127624], 
              [0.00127624, 0.995961, 0.00148619, 0.00127624], 
              [0.00127624, 0.774967, 0.00148619, 0.22227], 
              [0.22227, 0.00148619, 0.719718, 0.0565253], 
              [0.00127624, 0.774967, 0.111983, 0.111773], 
              [0.167022, 0.0567352, 0.22248, 0.553763], 
              [0.111773, 0.00148619, 0.885464, 0.00127624]
            ]
          }, {
            "db": 0,
            "id": "MA0471.3",
            "alt": "E2F6",
            "len": 8,
            "nsites": 33098,
            "url": "http://jaspar.genereg.net/matrix/MA0471.3",
            "pwm": [
              [0.0637505, 0.0346857, 0.887876, 0.0136877], 
              [0.00803767, 0.0252897, 0.960479, 0.00619468], 
              [0.116503, 0.798354, 0.0209387, 0.0642035], 
              [0.0354406, 0.0162858, 0.923709, 0.0245636], 
              [0.0102127, 0.0131138, 0.966008, 0.0106657], 
              [0.0106967, 0.0251987, 0.955161, 0.00894367], 
              [0.886366, 0.0353807, 0.0701556, 0.00809767], 
              [0.777235, 0.0481907, 0.151701, 0.0228716]
            ]
          }, {
            "db": 0,
            "id": "MA0493.3",
            "alt": "KLF1",
            "len": 8,
            "nsites": 1001,
            "url": "http://jaspar.genereg.net/matrix/MA0493.3",
            "pwm": [
              [0.00102197, 0.00102577, 0.99693, 0.00102197], 
              [0.00102197, 0.00102577, 0.99693, 0.00102197], 
              [0.00102197, 0.00102577, 0.99693, 0.00102197], 
              [0.124886, 0.528446, 0.00102577, 0.345643], 
              [0.00102197, 0.00102577, 0.99693, 0.00102197], 
              [0.00102197, 0.00102577, 0.674286, 0.323667], 
              [0.0820149, 0.00102677, 0.895937, 0.021021], 
              [0.00102197, 0.00102577, 0.99693, 0.00102197]
            ]
          }, {
            "db": 0,
            "id": "MA0516.3",
            "alt": "SP2",
            "len": 9,
            "nsites": 1000,
            "url": "http://jaspar.genereg.net/matrix/MA0516.3",
            "pwm": [
              [0.153234, 0.000759824, 0.766079, 0.0799271], 
              [0.167895, 0.000759824, 0.830589, 0.000756024], 
              [0.000756024, 0.000759824, 0.997728, 0.000756024], 
              [0.000756024, 0.000759824, 0.997728, 0.000756024], 
              [0.112182, 0.886302, 0.000759824, 0.000756024], 
              [0.000756024, 0.000759824, 0.997728, 0.000756024], 
              [0.000756024, 0.000759824, 0.974269, 0.0242147], 
              [0.120979, 0.000759824, 0.877505, 0.000756024], 
              [0.206014, 0.164966, 0.61067, 0.0183493]
            ]
          }, {
            "db": 0,
            "id": "MA0599.1",
            "alt": "KLF5",
            "len": 10,
            "nsites": 13611,
            "url": "http://jaspar.genereg.net/matrix/MA0599.1",
            "pwm": [
              [0.10499, 0.148631, 0.556313, 0.190067], 
              [1.69715e-06, 0.874289, 1.97633e-06, 0.125708], 
              [1.69715e-06, 0.882223, 1.97633e-06, 0.117773], 
              [0.255455, 0.703031, 1.97633e-06, 0.0415124], 
              [1.69715e-06, 0.999995, 1.97633e-06, 1.69715e-06], 
              [0.371096, 1.97633e-06, 0.38072, 0.248182], 
              [1.69715e-06, 0.999995, 1.97633e-06, 1.69715e-06], 
              [1.69715e-06, 0.999995, 1.97633e-06, 1.69715e-06], 
              [1.69715e-06, 0.965023, 1.97633e-06, 0.0349734], 
              [0.287635, 0.411064, 1.97633e-06, 0.301299]
            ]
          }, {
            "db": 0,
            "id": "MA0657.2",
            "alt": "KLF13",
            "len": 17,
            "nsites": 3341,
            "url": "http://jaspar.genereg.net/matrix/MA0657.2",
            "pwm": [
              [0.219395, 0.0137756, 0.238253, 0.528575], 
              [0.287384, 8.05124e-06, 0.703634, 0.00897365], 
              [0.314121, 0.584538, 0.036739, 0.064603], 
              [0.0706258, 0.870038, 0.00189099, 0.0574442], 
              [0.995384, 8.05124e-06, 0.00460091, 6.91389e-06], 
              [6.91389e-06, 0.992641, 0.0051439, 0.00220785], 
              [0.00784168, 0.000661032, 0.988551, 0.00294483], 
              [6.91389e-06, 0.995611, 8.05124e-06, 0.00437378], 
              [0.00272283, 0.997262, 8.05124e-06, 6.91389e-06], 
              [0.000569897, 0.990411, 8.05124e-06, 0.00901064], 
              [0.222757, 0.772852, 8.05124e-06, 0.00438278], 
              [0.00147287, 0.311675, 0.00147401, 0.685379], 
              [0.0600051, 0.134619, 0.0207764, 0.784598], 
              [0.0664029, 0.0631782, 0.0725869, 0.797832], 
              [0.167925, 0.126575, 0.192143, 0.513357], 
              [0.147717, 0.0643571, 0.176603, 0.611324], 
              [0.124349, 0.0964272, 0.534896, 0.244328]
            ]
          }, {
            "db": 0,
            "id": "MA0685.2",
            "alt": "SP4",
            "len": 9,
            "nsites": 999,
            "url": "http://jaspar.genereg.net/matrix/MA0685.2",
            "pwm": [
              [0.149046, 0.000713855, 0.654494, 0.195746], 
              [0.000710052, 0.000713855, 0.997867, 0.000710052], 
              [0.000710052, 0.000713855, 0.997867, 0.000710052], 
              [0.000710052, 0.000713855, 0.997867, 0.000710052], 
              [0.275408, 0.723169, 0.000713855, 0.000710052], 
              [0.000710052, 0.000713855, 0.997867, 0.000710052], 
              [0.000710052, 0.000713855, 0.920951, 0.0776254], 
              [0.289142, 0.000713855, 0.659989, 0.0501551], 
              [0.000710052, 0.000713855, 0.997867, 0.000710052]
            ]
          }, {
            "db": 0,
            "id": "MA0740.2",
            "alt": "KLF14",
            "len": 9,
            "nsites": 999,
            "url": "http://jaspar.genereg.net/matrix/MA0740.2",
            "pwm": [
              [0.031178, 0.000662861, 0.61949, 0.348669], 
              [0.000659057, 0.000662861, 0.998019, 0.000659057], 
              [0.000659057, 0.000662861, 0.998019, 0.000659057], 
              [0.000659057, 0.000662861, 0.998019, 0.000659057], 
              [0.0949186, 0.814337, 0.000662861, 0.0900811], 
              [0.000659057, 0.000662861, 0.998019, 0.000659057], 
              [0.000659057, 0.000662861, 0.717853, 0.280825], 
              [0.107717, 0.000662861, 0.890961, 0.000659057], 
              [0.198617, 0.0621087, 0.738615, 0.000659057]
            ]
          }, {
            "db": 0,
            "id": "MA0741.1",
            "alt": "KLF16",
            "len": 11,
            "nsites": 3053,
            "url": "http://jaspar.genereg.net/matrix/MA0741.1",
            "pwm": [
              [0.218146, 0.17524, 0.527997, 0.078616], 
              [0.332961, 0.595702, 0.0284629, 0.0428742], 
              [0.0359484, 0.934471, 0.0034867, 0.0260937], 
              [0.699924, 0.280584, 0.0194852, 7.56608e-06], 
              [0.0385123, 0.940468, 0.00992649, 0.0110922], 
              [0.185104, 0.0644387, 0.600361, 0.150096], 
              [0.0049454, 0.995038, 8.81071e-06, 7.56608e-06], 
              [0.00124053, 0.993811, 0.00494065, 7.56608e-06], 
              [0.00926626, 0.932848, 0.00174475, 0.0561397], 
              [0.261519, 0.703158, 0.0113784, 0.0239448], 
              [0.0157161, 0.791343, 0.0112994, 0.181642]
            ]
          }, {
            "db": 0,
            "id": "MA0742.2",
            "alt": "KLF12",
            "len": 9,
            "nsites": 999,
            "url": "http://jaspar.genereg.net/matrix/MA0742.2",
            "pwm": [
              [0.101961, 0.000675859, 0.709696, 0.187666], 
              [0.0863785, 0.000675859, 0.912274, 0.000672056], 
              [0.000672056, 0.000675859, 0.997979, 0.000672056], 
              [0.000672056, 0.000675859, 0.997979, 0.000672056], 
              [0.0474214, 0.951231, 0.000675859, 0.000672056], 
              [0.000672056, 0.000675859, 0.997979, 0.000672056], 
              [0.00586654, 0.0785901, 0.725279, 0.190264], 
              [0.0681983, 0.000675859, 0.930453, 0.000672056], 
              [0.000672056, 0.000675859, 0.969411, 0.0292412]
            ]
          }, {
            "db": 0,
            "id": "MA0746.3",
            "alt": "SP3",
            "len": 11,
            "nsites": 7543,
            "url": "http://jaspar.genereg.net/matrix/MA0746.3",
            "pwm": [
              [0.284501, 0.0703986, 0.589284, 0.0558153], 
              [0.0848469, 0.842185, 0.0288812, 0.0440865], 
              [0.0228368, 0.940622, 0.00771046, 0.0288307], 
              [0.79542, 0.202605, 0.000306562, 0.00166904], 
              [0.00091105, 0.997266, 3.56617e-06, 0.00181904], 
              [0.0615102, 3.56617e-06, 0.871817, 0.0666692], 
              [3.0624e-06, 0.99999, 3.56617e-06, 3.0624e-06], 
              [3.0624e-06, 0.998626, 3.56617e-06, 0.00136704], 
              [0.000276059, 0.901264, 0.000276563, 0.0981828], 
              [0.477646, 0.440048, 0.00543449, 0.076872], 
              [0.0746931, 0.687259, 0.039901, 0.198146]
            ]
          }, {
            "db": 0,
            "id": "MA0747.2",
            "alt": "SP8",
            "len": 11,
            "nsites": 171,
            "url": "http://jaspar.genereg.net/matrix/MA0747.2",
            "pwm": [
              [0.315739, 0.66059, 0.000157218, 0.0235133], 
              [0.122015, 0.814315, 0.000157218, 0.0635129], 
              [0.786657, 0.195309, 0.00607076, 0.0119621], 
              [0.0390013, 0.927393, 0.00570997, 0.0278968], 
              [0.0933645, 0.138137, 0.622927, 0.145572], 
              [0.0278968, 0.927393, 0.0334707, 0.0112395], 
              [0.0117562, 0.97052, 0.017589, 0.000135009], 
              [0.000135009, 0.897481, 0.0216496, 0.0807329], 
              [0.5112, 0.437402, 0.0342283, 0.01717], 
              [0.0542704, 0.695584, 0.0876061, 0.16254], 
              [0.186773, 0.313227, 0.0061777, 0.493822]
            ]
          }, {
            "db": 0,
            "id": "MA0753.3",
            "alt": "ZNF740",
            "len": 10,
            "nsites": 1201,
            "url": "http://jaspar.genereg.net/matrix/MA0753.3",
            "pwm": [
              [0.0499731, 0.878384, 0.0308278, 0.0408148], 
              [0.0932315, 0.894016, 0.0118854, 0.000866162], 
              [0.0164859, 0.965175, 0.00368209, 0.014657], 
              [0.0200356, 0.959906, 0.00639087, 0.0136671], 
              [0.0210795, 0.966059, 0.00276917, 0.0100914], 
              [0.00929446, 0.978605, 0.00651586, 0.00558477], 
              [0.00190008, 0.992414, 0.00284416, 0.002841], 
              [0.0974691, 0.894016, 0.00510697, 0.00340895], 
              [0.705175, 0.159768, 0.0454736, 0.0895838], 
              [0.13253, 0.675382, 0.0345905, 0.157496]
            ]
          }, {
            "db": 0,
            "id": "MA0975.1",
            "alt": "CRF2",
            "len": 8,
            "nsites": 1001,
            "url": "http://jaspar.genereg.net/matrix/MA0975.1",
            "pwm": [
              [0.0439747, 0.477501, 0.347644, 0.130879], 
              [0.10812, 0.783733, 0.0810998, 0.0270474], 
              [2.30746e-05, 2.68704e-05, 0.999927, 2.30746e-05], 
              [2.30746e-05, 0.976929, 0.0230246, 2.30746e-05], 
              [2.30746e-05, 0.999927, 2.68704e-05, 2.30746e-05], 
              [2.30746e-05, 2.68704e-05, 0.999927, 2.30746e-05], 
              [0.0230208, 0.930934, 2.68704e-05, 0.0460185], 
              [0.118011, 0.734953, 0.059021, 0.0880143]
            ]
          }, {
            "db": 0,
            "id": "MA0976.3",
            "alt": "CRF4",
            "len": 10,
            "nsites": 1900,
            "url": "http://jaspar.genereg.net/matrix/MA0976.3",
            "pwm": [
              [0.0868496, 0.614193, 0.130007, 0.16895], 
              [0.131058, 0.724713, 0.0584321, 0.0857966], 
              [0.0468517, 0.00211905, 0.917861, 0.0331684], 
              [0.00211705, 0.981541, 0.0115925, 0.00474891], 
              [0.00527488, 0.982067, 0.00790874, 0.00474891], 
              [0.059483, 0.0010671, 0.912598, 0.0268527], 
              [0.00527488, 0.944175, 0.00475091, 0.0457987], 
              [0.0289576, 0.949438, 0.00843471, 0.0131695], 
              [0.581035, 0.00632982, 0.34368, 0.0689555], 
              [0.0352733, 0.873126, 0.021066, 0.0705344]
            ]
          }, {
            "db": 0,
            "id": "MA0994.3",
            "alt": "ERF8",
            "len": 11,
            "nsites": 743,
            "url": "http://jaspar.genereg.net/matrix/MA0994.3",
            "pwm": [
              [0.156134, 0.242265, 0.0444452, 0.557157], 
              [0.138639, 0.0673221, 0.660781, 0.133257], 
              [0.573305, 0.0390619, 0.339157, 0.0484766], 
              [0.0430943, 0.873405, 0.00676429, 0.0767368], 
              [0.00406854, 0.00407366, 0.979716, 0.0121425], 
              [0.0215622, 0.0121476, 0.960876, 0.00541436], 
              [0.0148341, 0.943381, 3.61997e-05, 0.0417485], 
              [0.008105, 0.00272784, 0.979716, 0.00945082], 
              [0.0215622, 0.0619389, 0.897627, 0.0188716], 
              [0.145369, 0.722685, 0.0148392, 0.117108], 
              [0.0282913, 0.0121476, 0.907047, 0.052514]
            ]
          }, {
            "db": 0,
            "id": "MA1000.3",
            "alt": "ERF105",
            "len": 10,
            "nsites": 586,
            "url": "http://jaspar.genereg.net/matrix/MA1000.3",
            "pwm": [
              [0.32251, 0.0631751, 0.532378, 0.0819364], 
              [0.0853489, 0.523848, 4.58966e-05, 0.390758], 
              [3.94131e-05, 4.58966e-05, 0.999875, 3.94131e-05], 
              [0.0358693, 4.58966e-05, 0.964045, 3.94131e-05], 
              [0.00174512, 0.97087, 4.58966e-05, 0.0273388], 
              [3.94131e-05, 4.58966e-05, 0.999875, 3.94131e-05], 
              [3.94131e-05, 0.00175161, 0.99817, 3.94131e-05], 
              [0.0358693, 0.928216, 4.58966e-05, 0.0358693], 
              [0.00174512, 4.58966e-05, 0.892385, 0.105823], 
              [0.133123, 0.186021, 0.651812, 0.0290445]
            ]
          }, {
            "db": 0,
            "id": "MA1001.4",
            "alt": "ERF076",
            "len": 10,
            "nsites": 1373,
            "url": "http://jaspar.genereg.net/matrix/MA1001.4",
            "pwm": [
              [0.10052, 0.604492, 0.131838, 0.163151], 
              [0.140575, 0.734125, 0.0459012, 0.079399], 
              [0.0429857, 0.00438927, 0.924934, 0.0276918], 
              [0.00292961, 0.981011, 0.0094869, 0.00657135], 
              [0.011669, 0.980283, 0.00366133, 0.0043865], 
              [0.0553658, 0.00147648, 0.925662, 0.0174956], 
              [0.00657135, 0.932945, 0.00657411, 0.0539099], 
              [0.0291477, 0.949695, 0.00803101, 0.0131259], 
              [0.620511, 0.00366133, 0.316821, 0.0590075], 
              [0.0619203, 0.790931, 0.0327922, 0.114356]
            ]
          }, {
            "db": 0,
            "id": "MA1004.2",
            "alt": "ERF13",
            "len": 7,
            "nsites": 1000,
            "url": "http://jaspar.genereg.net/matrix/MA1004.2",
            "pwm": [
              [0.217001, 0.477979, 0.282999, 0.0220209], 
              [2.30977e-05, 0.049022, 0.950932, 2.30977e-05], 
              [0.0160375, 0.951884, 0.0320557, 2.30977e-05], 
              [2.30977e-05, 0.983913, 0.0160413, 2.30977e-05], 
              [2.30977e-05, 0.0160413, 0.983913, 2.30977e-05], 
              [0.0970134, 0.644962, 0.145012, 0.113012], 
              [2.30977e-05, 0.999927, 2.68973e-05, 2.30977e-05]
            ]
          }, {
            "db": 0,
            "id": "MA1005.3",
            "alt": "ERF082",
            "len": 9,
            "nsites": 1883,
            "url": "http://jaspar.genereg.net/matrix/MA1005.3",
            "pwm": [
              [0.0860407, 0.608054, 0.136491, 0.169414], 
              [0.0600201, 0.909685, 0.00851083, 0.0217851], 
              [0.098786, 0.00426306, 0.880478, 0.0164744], 
              [1.2267e-05, 0.997306, 0.0016072, 0.00107421], 
              [0.0159434, 0.97925, 0.000545257, 0.00426104], 
              [0.0791371, 0.00107623, 0.901187, 0.0185983], 
              [0.00107421, 0.983499, 0.00373109, 0.0116946], 
              [0.00638493, 0.983499, 0.000545257, 0.00957076], 
              [0.349436, 0.0255039, 0.491225, 0.133834]
            ]
          }, {
            "db": 0,
            "id": "MA1034.1",
            "alt": "Os05g0497200",
            "len": 8,
            "nsites": 999,
            "url": "http://jaspar.genereg.net/matrix/MA1034.1",
            "pwm": [
              [0.00302582, 0.990919, 0.00302962, 0.00302582], 
              [0.00302582, 0.00302962, 0.990919, 0.00302582], 
              [0.00302582, 0.661623, 0.332326, 0.00302582], 
              [0.00302582, 0.990919, 0.00302962, 0.00302582], 
              [0.00302582, 0.00302962, 0.990919, 0.00302582], 
              [0.00302582, 0.990919, 0.00302962, 0.00302582], 
              [0.00302582, 0.990919, 0.00302962, 0.00302582], 
              [0.494974, 0.00502642, 0.494977, 0.00502262]
            ]
          }, {
            "db": 0,
            "id": "MA1049.2",
            "alt": "ERF094",
            "len": 7,
            "nsites": 999,
            "url": "http://jaspar.genereg.net/matrix/MA1049.2",
            "pwm": [
              [0.346334, 0.461442, 0.1922, 2.31208e-05], 
              [2.31208e-05, 2.69242e-05, 0.999927, 2.31208e-05], 
              [2.31208e-05, 0.999927, 2.69242e-05, 2.31208e-05], 
              [0.122133, 0.877817, 2.69242e-05, 2.31208e-05], 
              [0.0250206, 2.69242e-05, 0.974929, 2.31208e-05], 
              [2.31208e-05, 0.950932, 0.049022, 2.31208e-05], 
              [2.31208e-05, 0.999927, 2.69242e-05, 2.31208e-05]
            ]
          }, {
            "db": 0,
            "id": "MA1051.1",
            "alt": "RAP2-3",
            "len": 8,
            "nsites": 1001,
            "url": "http://jaspar.genereg.net/matrix/MA1051.1",
            "pwm": [
              [0.118892, 0.231772, 0.542431, 0.106905], 
              [0.147155, 0.761713, 0.0330566, 0.0580753], 
              [0.00702238, 0.00602627, 0.981929, 0.00502258], 
              [0.00602248, 0.745952, 0.244002, 0.00402268], 
              [0.0160215, 0.976929, 0.00402647, 0.00302277], 
              [0.00602248, 0.00302657, 0.975929, 0.0150216], 
              [0.109012, 0.779949, 0.0260243, 0.0850146], 
              [0.256997, 0.663961, 0.00602627, 0.0730158]
            ]
          }, {
            "db": 0,
            "id": "MA1053.1",
            "alt": "ERF109",
            "len": 8,
            "nsites": 999,
            "url": "http://jaspar.genereg.net/matrix/MA1053.1",
            "pwm": [
              [0.0380573, 0.287285, 0.661623, 0.0130348], 
              [0.0500181, 0.935933, 0.00802612, 0.00602252], 
              [0.00302282, 0.00502642, 0.988928, 0.00302282], 
              [0.00302282, 0.826944, 0.16801, 0.00202292], 
              [0.0130218, 0.981929, 0.00202672, 0.00302282], 
              [0.00402272, 0.0130256, 0.977929, 0.00502262], 
              [0.0380573, 0.862804, 0.0130386, 0.0861005], 
              [0.207002, 0.77295, 0.00202672, 0.0180213]
            ]
          }, {
            "db": 0,
            "id": "MA1107.3",
            "alt": "KLF9",
            "len": 11,
            "nsites": 25579,
            "url": "http://jaspar.genereg.net/matrix/MA1107.3",
            "pwm": [
              [0.111889, 0.169749, 0.65882, 0.0595417], 
              [0.182337, 0.697406, 0.0648978, 0.0553587], 
              [0.0112209, 0.965985, 0.011378, 0.0114169], 
              [0.85613, 0.100044, 0.0276799, 0.0161468], 
              [0.00864087, 0.972005, 0.013801, 0.00555188], 
              [0.750106, 0.0418319, 0.16967, 0.0383918], 
              [0.00875787, 0.952536, 0.0287359, 0.00996986], 
              [0.0949225, 0.864653, 0.023653, 0.0167728], 
              [0.00570888, 0.964929, 0.00801502, 0.0213468], 
              [0.736422, 0.169631, 0.0333099, 0.0606367], 
              [0.0309638, 0.807066, 0.0695108, 0.0924595]
            ]
          }, {
            "db": 0,
            "id": "MA1221.1",
            "alt": "RAP2-6",
            "len": 15,
            "nsites": 597,
            "url": "http://jaspar.genereg.net/matrix/MA1221.1",
            "pwm": [
              [0.172539, 0.232837, 0.030191, 0.564433], 
              [0.107224, 0.0368899, 0.546018, 0.30987], 
              [0.313219, 0.018467, 0.638129, 0.0301846], 
              [0.00171341, 0.961358, 4.50511e-05, 0.0368835], 
              [3.8687e-05, 4.50511e-05, 0.999878, 3.8687e-05], 
              [0.00171341, 0.0251668, 0.973081, 3.8687e-05], 
              [0.0134364, 0.949635, 4.50511e-05, 0.0368835], 
              [3.8687e-05, 0.00506921, 0.969732, 0.0251605], 
              [0.0251605, 0.100531, 0.855848, 0.0184606], 
              [0.329966, 0.519221, 0.0234921, 0.12732], 
              [0.112248, 0.0151175, 0.760387, 0.112248], 
              [0.244554, 0.0787589, 0.591236, 0.0854514], 
              [0.334991, 0.289779, 0.0821083, 0.293122], 
              [0.190962, 0.0536371, 0.56444, 0.190962], 
              [0.179238, 0.103881, 0.579512, 0.137369]
            ]
          }, {
            "db": 0,
            "id": "MA1225.1",
            "alt": "ERF5",
            "len": 15,
            "nsites": 580,
            "url": "http://jaspar.genereg.net/matrix/MA1225.1",
            "pwm": [
              [0.101746, 0.636144, 0.0655521, 0.196558], 
              [0.151738, 0.663725, 0.0241802, 0.160357], 
              [0.368942, 0.0724479, 0.310338, 0.248273], 
              [0.0552023, 0.620629, 0.124163, 0.200005], 
              [0.100023, 0.851624, 0.00866589, 0.039688], 
              [0.139671, 4.63713e-05, 0.637867, 0.222415], 
              [0.00521093, 0.911958, 0.0552089, 0.0276211], 
              [0.0276211, 0.972293, 4.63713e-05, 3.98207e-05], 
              [0.117261, 4.63713e-05, 0.867138, 0.0155541], 
              [0.00693563, 0.925749, 0.0345234, 0.0327932], 
              [0.00693563, 0.992978, 4.63713e-05, 3.98207e-05], 
              [0.12588, 4.63713e-05, 0.801632, 0.0724413], 
              [0.00521093, 0.720612, 0.0293513, 0.244826], 
              [0.0948515, 0.730954, 0.0500378, 0.124156], 
              [0.410314, 0.0293513, 0.377567, 0.182767]
            ]
          }, {
            "db": 0,
            "id": "MA1226.2",
            "alt": "DREB2G",
            "len": 14,
            "nsites": 587,
            "url": "http://jaspar.genereg.net/matrix/MA1226.2",
            "pwm": [
              [0.161852, 0.0698809, 0.608119, 0.160148], 
              [0.149929, 0.0920231, 0.631965, 0.126083], 
              [0.23339, 0.304934, 0.098836, 0.36284], 
              [0.143116, 0.0835066, 0.531471, 0.241906], 
              [0.166962, 0.0715836, 0.657515, 0.10394], 
              [0.517839, 0.226583, 0.0204853, 0.235093], 
              [0.315148, 4.58184e-05, 0.672844, 0.0119623], 
              [0.0579515, 4.58184e-05, 0.904492, 0.037512], 
              [0.0358083, 0.867019, 4.58184e-05, 0.0971268], 
              [3.9346e-05, 4.58184e-05, 0.999875, 3.9346e-05], 
              [3.9346e-05, 4.58184e-05, 0.999875, 3.9346e-05], 
              [0.0426211, 0.265759, 4.58184e-05, 0.691574], 
              [3.9346e-05, 4.58184e-05, 0.994765, 0.00514948], 
              [0.0920167, 0.0647708, 0.83636, 0.00685219]
            ]
          }, {
            "db": 0,
            "id": "MA1228.2",
